01 , 01 , 94.54304414249155
01 , 02 , 7.97443761706548
01 , 03 , 10.254952542413342
01 , 04 , -109.25329189980852
01 , 05 , -21.587648450058673
01 , 06 , 23.47625527646963
01 , 07 , 13.723573839787164
01 , 08 , -26.55841271212016
01 , 09 , 7.0623949772453205
01 , 10 , -136.9997968932207
01 , 11 , -29.204746399775892
01 , 12 , -63.809140947090405
01 , 13 , -26.62836148634548
01 , 14 , 28.986444560207122
01 , 15 , -16.266256249535388
01 , 16 , -30.41982604010321
01 , 17 , 35.270111574516214
01 , 18 , 9.764277616845243
01 , 19 , -51.907349447909624
01 , 20 , 101.13451222751598
01 , 21 , -28.47585633847262
01 , 22 , -9.04180680778274
01 , 23 , -55.6889686447215
01 , 24 , 15.02962803005484
01 , 25 , -43.160823222350004
01 , 26 , -65.89071033793813
01 , 27 , -6.693236025032345
01 , 28 , -11.099891070334259
01 , 29 , -110.30933789830969
01 , 30 , -74.49989125639678
01 , 31 , -76.49462942241115
01 , 32 , 111.38564026644237
01 , 33 , -37.831999514489155
01 , 34 , 120.12355394815201
01 , 35 , -80.45972187832436
01 , 36 , -74.68137141446675
01 , 37 , -64.28534725728586
01 , 38 , 24.87255603812585
01 , 39 , 43.76138239737274
01 , 40 , -87.65243377501554
01 , 41 , 47.20877905740588
01 , 42 , -77.57229590547915
01 , 43 , -90.88910983291271
01 , 44 , -50.87327824630233
01 , 45 , -5.504071717457605
01 , 46 , -95.73148679911958
01 , 47 , -26.350331125853057
01 , 48 , -37.38583182959453
01 , 49 , 77.00302762837377
01 , 50 , 42.18782435336686
02 , 01 , -25.0822953256947
02 , 02 , 112.39358472164355
02 , 03 , -118.57249728286526
02 , 04 , -23.04559373245639
02 , 05 , -53.64404530420596
02 , 06 , 78.77472915808785
02 , 07 , -45.76965512714605
02 , 08 , -48.86064614562488
02 , 09 , 71.80943036800056
02 , 10 , -25.84657114893171
02 , 11 , 46.97297849119386
02 , 12 , -82.93936184855127
02 , 13 , 20.162429864368292
02 , 14 , 93.94305034973617
02 , 15 , -57.19413294577994
02 , 16 , 15.566904717379378
02 , 17 , -150.11046165767067
02 , 18 , -214.13530077200852
02 , 19 , -11.639969374211566
02 , 20 , 52.47978722918549
02 , 21 , -54.9655730162882
02 , 22 , 87.84477241075938
02 , 23 , 101.19386818492468
02 , 24 , 29.793563964443845
02 , 25 , -127.64528506812539
02 , 26 , 122.14895432846055
02 , 27 , 140.66982557612607
02 , 28 , -60.62240063163033
02 , 29 , 82.8403351716077
02 , 30 , -11.932333754447047
02 , 31 , 73.24874236513328
02 , 32 , -115.64978528966675
02 , 33 , -33.570492262531054
02 , 34 , -59.50836384520112
02 , 35 , -50.4546853254134
02 , 36 , 48.7670383875985
02 , 37 , 32.27669766144071
02 , 38 , -26.043546891645317
02 , 39 , 153.05999138633786
02 , 40 , -63.14815585331803
02 , 41 , -51.98305150680212
02 , 42 , 89.4067616671918
02 , 43 , -31.55818196839715
02 , 44 , 27.231529246858084
02 , 45 , -69.68906077554897
02 , 46 , -45.789805190696676
02 , 47 , 32.17768406026522
02 , 48 , -1.635941785780311
02 , 49 , -19.0377712029769
02 , 50 , 2.925968620779072
03 , 01 , 14.831803483816296
03 , 02 , 38.98063407234099
03 , 03 , 39.42019298126942
03 , 04 , -10.308164244898952
03 , 05 , -3.421792809823221
03 , 06 , 64.69432661336889
03 , 07 , 5.264755297777821
03 , 08 , -103.46516777224201
03 , 09 , -63.349882015748655
03 , 10 , -42.78556958422669
03 , 11 , -7.354821695856283
03 , 12 , -13.942671068443143
03 , 13 , 93.91599770162291
03 , 14 , 16.307773979966708
03 , 15 , 5.72398345724758
03 , 16 , 83.18233459895086
03 , 17 , -203.07109255099277
03 , 18 , -20.245385874272348
03 , 19 , -137.77910220018137
03 , 20 , -154.6121727092252
03 , 21 , 12.819979557818494
03 , 22 , -244.1473531548476
03 , 23 , -96.33750555562034
03 , 24 , 3.215273360455611
03 , 25 , -26.90280080231627
03 , 26 , 51.78953533398721
03 , 27 , 27.01126455689124
03 , 28 , 4.204582469366903
03 , 29 , -48.95748114315423
03 , 30 , -88.55699123813795
03 , 31 , 45.487519723952055
03 , 32 , -163.77248961797898
03 , 33 , -31.234865986006753
03 , 34 , 23.67614779040928
03 , 35 , 177.96716277213787
03 , 36 , -38.94341699419009
03 , 37 , 2.305323724559284
03 , 38 , -112.25901156192879
03 , 39 , 195.9377635918579
03 , 40 , -131.52829257180386
03 , 41 , -156.35974466195108
03 , 42 , 52.13529732434015
03 , 43 , 34.74711796634008
03 , 44 , -25.44639603302076
03 , 45 , 150.03144866394456
03 , 46 , 56.00263973130274
03 , 47 , -86.12184978738324
03 , 48 , 30.57515757983422
03 , 49 , 0.5306604057288207
03 , 50 , -0.9409429575981993
04 , 01 , -11.419869217882436
04 , 02 , 93.31687949360236
04 , 03 , 13.646216551551126
04 , 04 , 10.429991201832198
04 , 05 , 30.91798119620797
04 , 06 , -63.47920714653743
04 , 07 , 132.46687660894838
04 , 08 , -59.275670530619614
04 , 09 , -44.09701302325182
04 , 10 , -104.01849870652049
04 , 11 , 40.225657993528856
04 , 12 , 34.18797745627885
04 , 13 , -62.531550949986716
04 , 14 , 31.353290818180405
04 , 15 , 7.828133034759232
04 , 16 , -89.71460728742184
04 , 17 , 26.979662194526473
04 , 18 , -32.013312779389736
04 , 19 , -55.53731102354617
04 , 20 , -49.19671745872216
04 , 21 , 106.73959452490631
04 , 22 , -54.05524380357074
04 , 23 , -8.405809675522335
04 , 24 , -151.3061258429133
04 , 25 , -63.01496747214287
04 , 26 , -46.4113998865638
04 , 27 , 2.1189673748566857
04 , 28 , -30.96923669346126
04 , 29 , -46.39615792373526
04 , 30 , -51.252329990230905
04 , 31 , 56.58757991142955
04 , 32 , 20.108486118586455
04 , 33 , -102.11872156346733
04 , 34 , -25.33537142496208
04 , 35 , -16.217292015489974
04 , 36 , 9.876771959623415
04 , 37 , 5.490425094283678
04 , 38 , 2.654198014775134
04 , 39 , -11.876236263299901
04 , 40 , 19.01030322074427
04 , 41 , 7.439171109388365
04 , 42 , -106.26450734261316
04 , 43 , 71.42122368508333
04 , 44 , 78.75631165829756
04 , 45 , -8.471816543217273
04 , 46 , -62.71364629900896
04 , 47 , -51.76073991947843
04 , 48 , 78.20821592622156
04 , 49 , 44.18580647720361
04 , 50 , -174.02097593724974
05 , 01 , 0.7418854243821955
05 , 02 , -136.44532616340035
05 , 03 , -67.22734786973513
05 , 04 , 9.65031647733378
05 , 05 , -181.08937285993156
05 , 06 , -138.46366889926077
05 , 07 , 153.6235789532081
05 , 08 , 4.480373317363346
05 , 09 , -105.20807124467304
05 , 10 , 61.74413870301457
05 , 11 , -52.95396742949419
05 , 12 , -45.05060250882347
05 , 13 , -28.621549547824863
05 , 14 , 12.997319849301174
05 , 15 , 66.40043501121366
05 , 16 , -34.61009495024352
05 , 17 , -61.449189676757825
05 , 18 , -18.45069324461203
05 , 19 , 34.978557151891586
05 , 20 , -103.44834594841058
05 , 21 , 117.1041894694902
05 , 22 , -100.96469389931369
05 , 23 , 30.77051311518111
05 , 24 , 3.757014455221657
05 , 25 , 37.966937444345035
05 , 26 , -66.58068580798304
05 , 27 , 108.47071037238024
05 , 28 , -197.26389696003196
05 , 29 , 40.70873452563495
05 , 30 , 95.57165148606566
05 , 31 , 53.92349943910556
05 , 32 , -99.14179200755032
05 , 33 , -24.379429531845854
05 , 34 , -133.03885225194796
05 , 35 , -44.304690958649516
05 , 36 , 19.880931693327334
05 , 37 , -44.02895060323448
05 , 38 , -100.91247843449231
05 , 39 , -15.43830971813345
05 , 40 , 50.94582053272361
05 , 41 , -62.98519602855138
05 , 42 , -117.29500252898164
05 , 43 , 10.552457262941756
05 , 44 , -29.330541898324057
05 , 45 , -42.369417152886385
05 , 46 , -13.959502120943334
05 , 47 , -25.90545795683841
05 , 48 , -90.15973857404168
05 , 49 , -152.5081433380827
05 , 50 , -53.59112609771227
06 , 01 , -49.60627487382285
06 , 02 , 150.06973444614923
06 , 03 , 34.69693449796024
06 , 04 , 97.6204715928365
06 , 05 , 57.45052451022444
06 , 06 , 79.81815090348097
06 , 07 , 99.36822064101938
06 , 08 , -100.87381954401025
06 , 09 , -44.81887194992318
06 , 10 , 128.8262714645418
06 , 11 , 148.3144152879948
06 , 12 , 88.81401952480478
06 , 13 , 24.881663569497206
06 , 14 , 75.4796782608118
06 , 15 , -101.80022049035394
06 , 16 , -52.334170464624975
06 , 17 , 34.39771302394201
06 , 18 , -40.5809871315015
06 , 19 , -22.30625675426126
06 , 20 , -54.16843128082798
06 , 21 , 62.276379975900625
06 , 22 , 12.715050537028931
06 , 23 , 45.98741032510094
06 , 24 , -56.33961774349139
06 , 25 , -25.696475603790855
06 , 26 , 37.33842322248537
06 , 27 , 58.288971637745185
06 , 28 , 42.2874301733669
06 , 29 , 1.2107933496735113
06 , 30 , -26.555811150074327
06 , 31 , 64.74230334333195
06 , 32 , -10.130868338531924
06 , 33 , 31.62139865566497
06 , 34 , 47.048190664234035
06 , 35 , 183.53868365386654
06 , 36 , 83.7135025759056
06 , 37 , 42.56033770555275
06 , 38 , 77.45384459869693
06 , 39 , 36.8348916285814
06 , 40 , -18.455744874087326
06 , 41 , -56.794574876607435
06 , 42 , -68.22219011589864
06 , 43 , 62.724446276571534
06 , 44 , 81.72899554038055
06 , 45 , 148.29910386143362
06 , 46 , -2.136502231170949
06 , 47 , 37.28807563338954
06 , 48 , 20.634788775340418
06 , 49 , 4.692355392063174
06 , 50 , 100.87402301928748
07 , 01 , -16.06622940172016
07 , 02 , -99.7980329116449
07 , 03 , 47.81985492412271
07 , 04 , -21.88206237058574
07 , 05 , 28.30144905440071
07 , 06 , -98.85325657334802
07 , 07 , 28.619076623489345
07 , 08 , -99.27580377365734
07 , 09 , -3.7573490661338407
07 , 10 , -32.55145543326017
07 , 11 , -49.784888315078646
07 , 12 , -129.95197060123292
07 , 13 , -66.0030087499865
07 , 14 , -203.57037986833174
07 , 15 , -56.87010502488846
07 , 16 , -75.44211311741415
07 , 17 , -52.52664640461205
07 , 18 , -98.31316358540394
07 , 19 , -300.7218244379731
07 , 20 , -91.26979845195117
07 , 21 , -75.46330272779619
07 , 22 , 122.44153471958
07 , 23 , -198.64433010131378
07 , 24 , -13.051432486149075
07 , 25 , -64.55727032134214
07 , 26 , -20.631331942918973
07 , 27 , -80.87663185862517
07 , 28 , -100.35433580664103
07 , 29 , -82.43407024456174
07 , 30 , -98.12564233421273
07 , 31 , -137.328478962735
07 , 32 , 16.973910166549956
07 , 33 , -57.07032099689216
07 , 34 , -5.8109775894847155
07 , 35 , 49.898859986490805
07 , 36 , -80.08568963253035
07 , 37 , 37.011624587897444
07 , 38 , 54.206837217003795
07 , 39 , -27.86875860357115
07 , 40 , 13.068623753391407
07 , 41 , 30.168415431945405
07 , 42 , 9.329508762353449
07 , 43 , -42.86755870730543
07 , 44 , 105.23640366810308
07 , 45 , 26.796256483852577
07 , 46 , 50.70463554491087
07 , 47 , -64.15225372321643
07 , 48 , 43.615473640624856
07 , 49 , 41.162136977760156
07 , 50 , -13.185523982434708
08 , 01 , -50.84562957619719
08 , 02 , -13.272290415760187
08 , 03 , 19.13591872334716
08 , 04 , -47.810742715263814
08 , 05 , 42.2656398370949
08 , 06 , 89.57288750132412
08 , 07 , -19.933674633589938
08 , 08 , 29.649136251592587
08 , 09 , 16.026210545704227
08 , 10 , 101.73491965256846
08 , 11 , 67.71727811338187
08 , 12 , -57.247734160428756
08 , 13 , -53.609580294393936
08 , 14 , -14.516761211378645
08 , 15 , -87.48579840033177
08 , 16 , 6.142809146950441
08 , 17 , -42.461419671337694
08 , 18 , -62.542526195228994
08 , 19 , -55.84459588554822
08 , 20 , -3.7846787119067855
08 , 21 , -64.01268578447268
08 , 22 , -93.04143365305636
08 , 23 , -38.36925138433317
08 , 24 , -14.93125662084278
08 , 25 , 18.013820586510594
08 , 26 , 56.31465995701851
08 , 27 , -6.776272650329067
08 , 28 , -53.3212785595017
08 , 29 , -52.89419980032127
08 , 30 , -27.158498684955333
08 , 31 , 16.430044924656986
08 , 32 , -83.0631242349647
08 , 33 , -64.7855790818489
08 , 34 , 83.85861938674913
08 , 35 , 20.394627644662165
08 , 36 , -54.32298456624768
08 , 37 , -40.70951465524868
08 , 38 , 20.196703178992326
08 , 39 , 4.991188987644318
08 , 40 , -69.25214420071181
08 , 41 , -3.480617604070669
08 , 42 , -63.47902623411409
08 , 43 , -13.81141335000811
08 , 44 , -27.6532089397388
08 , 45 , 78.21211072755675
08 , 46 , -14.085499868088515
08 , 47 , -76.02435471809984
08 , 48 , -88.32120509516865
08 , 49 , -96.90626705632154
08 , 50 , 0.8709141206696585
09 , 01 , 80.57531765093324
09 , 02 , 80.75373934211683
09 , 03 , 63.13589756798592
09 , 04 , -29.32745170515698
09 , 05 , 46.9287856063648
09 , 06 , 35.05685469325666
09 , 07 , -153.7343546373625
09 , 08 , 0.6638454962172156
09 , 09 , 182.5228783026772
09 , 10 , 22.245148436846698
09 , 11 , 20.698406670503214
09 , 12 , 75.56396231167312
09 , 13 , 11.188632100873967
09 , 14 , 58.38368521820136
09 , 15 , 56.195661842474365
09 , 16 , -59.33754265773568
09 , 17 , 77.52807558909409
09 , 18 , -76.46611692408773
09 , 19 , 74.03622300059125
09 , 20 , 122.61117017484122
09 , 21 , -111.03537574318041
09 , 22 , 69.47096185056934
09 , 23 , 79.6501325906343
09 , 24 , -51.59469161678303
09 , 25 , -8.01441779774463
09 , 26 , 92.75008224680859
09 , 27 , 37.24981112137287
09 , 28 , 75.77161230997334
09 , 29 , 105.79154385930207
09 , 30 , -56.089776521314235
09 , 31 , -8.1395993609407
09 , 32 , 64.29284125938133
09 , 33 , 60.68614166366318
09 , 34 , 63.1555853622494
09 , 35 , -91.70698506349792
09 , 36 , -30.98466714473235
09 , 37 , 117.73988622485732
09 , 38 , 121.46542425550616
09 , 39 , 1.5218939025099907
09 , 40 , 64.96827829576785
09 , 41 , -8.578164007828114
09 , 42 , 24.786744934819215
09 , 43 , -63.6047238939627
09 , 44 , 14.286179410145976
09 , 45 , 2.014561491168365
09 , 46 , -114.84125625157012
09 , 47 , 192.6639522746159
09 , 48 , -31.411025829501224
09 , 49 , 81.48283702995586
09 , 50 , -67.7466595346938
10 , 01 , -28.23941754002834
10 , 02 , -26.637282728234005
10 , 03 , 46.655005275376865
10 , 04 , -92.10578752148655
10 , 05 , -74.94951065924674
10 , 06 , -3.956129389505225
10 , 07 , -223.46215205276846
10 , 08 , -47.42898669041985
10 , 09 , -35.820452249942704
10 , 10 , -32.80208424467945
10 , 11 , -75.40995718611269
10 , 12 , -7.014102412002354
10 , 13 , -19.89682196914369
10 , 14 , 128.5630257914034
10 , 15 , -9.657805689134673
10 , 16 , 59.24896908119955
10 , 17 , -55.857021070611
10 , 18 , -74.72656264428463
10 , 19 , -40.73187449939139
10 , 20 , -80.18183940562238
10 , 21 , -37.59975116704304
10 , 22 , -14.235811028406673
10 , 23 , -1.745688904616011
10 , 24 , 10.898402554364125
10 , 25 , -113.91584657933751
10 , 26 , 77.46560534619121
10 , 27 , -51.45865673633624
10 , 28 , -74.81562336947827
10 , 29 , -132.35890026650412
10 , 30 , -60.563630622870605
10 , 31 , -87.9745863065916
10 , 32 , -85.38694879626023
10 , 33 , -12.111940592924949
10 , 34 , -63.62357850044518
10 , 35 , -35.8639498686076
10 , 36 , -101.24531986655498
10 , 37 , 15.284470939778346
10 , 38 , -129.1541643891834
10 , 39 , -76.35931305781672
10 , 40 , -58.330990321526755
10 , 41 , -192.88135127823585
10 , 42 , -5.438919421667878
10 , 43 , -1.5907727257123683
10 , 44 , -82.14675322483285
10 , 45 , -60.24024151159544
10 , 46 , 20.112988049122734
10 , 47 , 5.613848935273029
10 , 48 , -168.89629264544718
10 , 49 , 2.1702164373737887
10 , 50 , -61.2590656068505
11 , 01 , 32.3962960114931
11 , 02 , -16.382677880633988
11 , 03 , 64.58779142684091
11 , 04 , -108.4514336897675
11 , 05 , 51.10897953054768
11 , 06 , 28.438397291378987
11 , 07 , -65.58977909451924
11 , 08 , 26.768903008639626
11 , 09 , 57.07613328743468
11 , 10 , -25.24210390859569
11 , 11 , -39.753740090210385
11 , 12 , -2.755091639469722
11 , 13 , 12.146962047986236
11 , 14 , -45.64946598437324
11 , 15 , -20.727189950268617
11 , 16 , 11.323810217574845
11 , 17 , -14.8817789673724
11 , 18 , -0.225254406160472
11 , 19 , 0.34951701601432783
11 , 20 , -8.520109997200615
11 , 21 , -68.8911882470064
11 , 22 , 80.60399046712187
11 , 23 , -35.675477490662466
11 , 24 , -32.46441327816741
11 , 25 , 52.82027413253925
11 , 26 , -30.25208856871649
11 , 27 , -14.379697042765471
11 , 28 , 88.6835232457786
11 , 29 , 57.48271623785495
11 , 30 , -32.85831444380825
11 , 31 , -141.76172924782466
11 , 32 , 86.19232687287462
11 , 33 , -75.63207876818134
11 , 34 , -10.92700848199595
11 , 35 , 101.68419844795224
11 , 36 , -25.01756091526438
11 , 37 , 29.515376090439105
11 , 38 , 152.70547749837934
11 , 39 , 0.7362138514236016
11 , 40 , -10.889626073309534
11 , 41 , 82.24873274885653
11 , 42 , 94.83309227159985
11 , 43 , -17.484260004459212
11 , 44 , 89.94005184922067
11 , 45 , 78.0091154070178
11 , 46 , 41.88519992003896
11 , 47 , 154.9880041795899
11 , 48 , 62.3881711033293
11 , 49 , -66.8098472251881
11 , 50 , 91.70364774032801
12 , 01 , -18.409847182286725
12 , 02 , 43.43596986495223
12 , 03 , -5.497700218404532
12 , 04 , 5.767537185741766
12 , 05 , 66.05201798787064
12 , 06 , 121.4210676312746
12 , 07 , 5.0194024209353
12 , 08 , 22.769956875791554
12 , 09 , 30.434609495057774
12 , 10 , -127.14530734267407
12 , 11 , 70.83980454923818
12 , 12 , 10.152027135667025
12 , 13 , -43.59134410050973
12 , 14 , 38.22818701741886
12 , 15 , -66.82932287369766
12 , 16 , -74.49636805125766
12 , 17 , 46.22637525955963
12 , 18 , -126.80452019706539
12 , 19 , -76.23545915978583
12 , 20 , -16.69930008957266
12 , 21 , -30.635170047784175
12 , 22 , -78.53830032505655
12 , 23 , 151.50243778859476
12 , 24 , -46.79217188188865
12 , 25 , -4.88382788913453
12 , 26 , 45.09001593550772
12 , 27 , -20.706118404450184
12 , 28 , 109.80899498641236
12 , 29 , -47.62822667076162
12 , 30 , -59.4810153150274
12 , 31 , 26.859960692109333
12 , 32 , 11.811883540564748
12 , 33 , -9.167425002630797
12 , 34 , 126.32350617209048
12 , 35 , -55.47982014246495
12 , 36 , -55.181632895746546
12 , 37 , 21.863882236091612
12 , 38 , 27.969716952718507
12 , 39 , 41.77996293403091
12 , 40 , -46.45961567314799
12 , 41 , 103.53808179528914
12 , 42 , 55.01721370288193
12 , 43 , 149.43781295627537
12 , 44 , -9.772667071884733
12 , 45 , 186.02149928443734
12 , 46 , -135.03333510466032
12 , 47 , 20.28157941433575
12 , 48 , 205.58421525728014
12 , 49 , 134.28955192386735
12 , 50 , -75.52232608472603
13 , 01 , -56.13421869628375
13 , 02 , -2.486738942574597
13 , 03 , -57.282779854562364
13 , 04 , 87.3913832072774
13 , 05 , -45.736451414840445
13 , 06 , -68.82116183323548
13 , 07 , 24.630794753135575
13 , 08 , 94.09195728180624
13 , 09 , 107.16165387478667
13 , 10 , 69.71162243284047
13 , 11 , 8.99429278652045
13 , 12 , -109.02876536952238
13 , 13 , 56.64194678387898
13 , 14 , -144.4782812628306
13 , 15 , -27.842383216703197
13 , 16 , 18.12881620244473
13 , 17 , -157.0645305353803
13 , 18 , 22.606848155649352
13 , 19 , -117.63301164358181
13 , 20 , 78.6513645610465
13 , 21 , 31.689093108504064
13 , 22 , 124.99069597136352
13 , 23 , 27.760729890874842
13 , 24 , 124.83812399198345
13 , 25 , -21.606368906579725
13 , 26 , 16.188651364716236
13 , 27 , 74.60765797591569
13 , 28 , 2.103569212895067
13 , 29 , 87.1066757285877
13 , 30 , 62.75626517926811
13 , 31 , -133.3596206529715
13 , 32 , 21.433456062016422
13 , 33 , 45.44595642895207
13 , 34 , -23.46476781401942
13 , 35 , -100.15860646785144
13 , 36 , 81.00074038015951
13 , 37 , 133.27260327617455
13 , 38 , 61.18409534459904
13 , 39 , 33.937455877404716
13 , 40 , -30.392686422694318
13 , 41 , 167.63511496645162
13 , 42 , -2.91983423077469
13 , 43 , -56.08061165404091
13 , 44 , -45.89663761424684
13 , 45 , -92.0012975818773
13 , 46 , 12.653442340063819
13 , 47 , -48.06877566147128
13 , 48 , -149.22711558778443
13 , 49 , -17.769107670661775
13 , 50 , 159.55097759703403
14 , 01 , 20.31070921204629
14 , 02 , -155.52574185072592
14 , 03 , -115.0589899751132
14 , 04 , -98.51688856951111
14 , 05 , -82.98295772286276
14 , 06 , -73.93060994511202
14 , 07 , 35.255471186463815
14 , 08 , 53.13927265426705
14 , 09 , -78.90622433867159
14 , 10 , -92.04340384812434
14 , 11 , -61.259414944398955
14 , 12 , -85.12697610506072
14 , 13 , -17.666333737291502
14 , 14 , 12.87998746921328
14 , 15 , -59.01285327441339
14 , 16 , 10.170878368902763
14 , 17 , -8.883154585291278
14 , 18 , 43.92343012661617
14 , 19 , 7.675683528789647
14 , 20 , -114.18204341278391
14 , 21 , 39.434292266166416
14 , 22 , 15.974433913682601
14 , 23 , -70.43078445353787
14 , 24 , -14.700739763757731
14 , 25 , -3.492065368171729
14 , 26 , -96.36034022738707
14 , 27 , -58.73058114102294
14 , 28 , -59.67337063557551
14 , 29 , 0.3672232000031279
14 , 30 , -42.11270002491379
14 , 31 , -72.40592000340575
14 , 32 , -30.896005206445743
14 , 33 , -121.18748221413998
14 , 34 , -60.65377922005344
14 , 35 , 32.83290738203139
14 , 36 , 4.313211062527433
14 , 37 , -7.330699337735689
14 , 38 , 9.950890291414495
14 , 39 , -35.516514624390375
14 , 40 , 36.844574325093916
14 , 41 , 27.834770043999796
14 , 42 , 57.07806354153111
14 , 43 , 44.04085421633895
14 , 44 , -15.369434537269944
14 , 45 , -68.40372598980383
14 , 46 , 0.650141506195812
14 , 47 , 103.11640499897902
14 , 48 , 42.0077422850297
14 , 49 , -35.966965028725824
14 , 50 , 161.8134091642527
15 , 01 , -39.19726627280271
15 , 02 , 105.23028072598109
15 , 03 , -49.4696280298854
15 , 04 , 63.667868185565396
15 , 05 , 116.22284589299858
15 , 06 , -40.39599103571677
15 , 07 , 94.90473044906432
15 , 08 , -71.22815872207993
15 , 09 , 60.70281504793295
15 , 10 , 105.67436842674849
15 , 11 , -76.87624403360023
15 , 12 , 87.97871239681861
15 , 13 , 55.010989264050366
15 , 14 , 127.04726964086507
15 , 15 , 49.19974098058972
15 , 16 , 38.51235393132024
15 , 17 , -81.07842103858543
15 , 18 , 26.7454912283778
15 , 19 , 31.113414425090838
15 , 20 , 70.20526803672472
15 , 21 , 72.49324655163943
15 , 22 , 55.0447225846505
15 , 23 , 199.8662490896573
15 , 24 , 158.77006959803447
15 , 25 , 69.86464215429882
15 , 26 , 104.87100033415697
15 , 27 , 79.73493185237302
15 , 28 , 95.68634435602219
15 , 29 , 22.242863199444475
15 , 30 , 108.12624477041929
15 , 31 , 94.74634262944865
15 , 32 , -31.5842849304389
15 , 33 , 75.94302988231146
15 , 34 , -136.41687680729964
15 , 35 , -83.06756628769864
15 , 36 , 52.87315600089977
15 , 37 , 59.694223184123935
15 , 38 , -74.03983745539841
15 , 39 , 89.4964443397922
15 , 40 , 75.2513240027468
15 , 41 , -58.406668077255766
15 , 42 , 97.43203608651685
15 , 43 , 37.746613709248294
15 , 44 , -24.909341722394558
15 , 45 , 117.09588144495089
15 , 46 , 146.49031796378725
15 , 47 , -63.77278562323612
15 , 48 , -58.555532755617065
15 , 49 , -15.655359574787688
15 , 50 , -11.72820750134041
16 , 01 , 5.13428753720875
16 , 02 , -168.2233198435076
16 , 03 , -77.71747648798485
16 , 04 , -86.44100847642375
16 , 05 , 57.220192488230666
16 , 06 , -96.23797704503156
16 , 07 , -66.29441198969698
16 , 08 , 35.599939485620546
16 , 09 , -52.03320071813048
16 , 10 , -142.30703156947695
16 , 11 , 4.006235173908371
16 , 12 , 11.378090457799098
16 , 13 , -31.73745522706242
16 , 14 , -204.60605007801277
16 , 15 , -6.458436688121224
16 , 16 , -137.22494452766185
16 , 17 , -180.96268833407373
16 , 18 , -116.7546396742937
16 , 19 , -180.70817373718023
16 , 20 , 27.20384177741234
16 , 21 , -141.09560462164131
16 , 22 , -29.439644302212212
16 , 23 , -157.4121055107113
16 , 24 , -13.580012066981672
16 , 25 , -106.08350985296718
16 , 26 , 220.1515063706446
16 , 27 , -142.52376012944973
16 , 28 , -174.92265921754915
16 , 29 , 135.9355541525216
16 , 30 , -84.24016453466386
16 , 31 , -26.889094659264696
16 , 32 , -179.1956177336519
16 , 33 , -90.10479533248092
16 , 34 , -40.749900766688086
16 , 35 , -19.838677137840207
16 , 36 , 86.36286419696951
16 , 37 , -54.86650462254353
16 , 38 , -104.72331960309108
16 , 39 , -74.10694880443316
16 , 40 , -56.58702406616879
16 , 41 , 49.139227047081455
16 , 42 , 58.05038903513307
16 , 43 , -103.58369969042903
16 , 44 , 1.4194333429073287
16 , 45 , -160.60517851120153
16 , 46 , 94.76227598408283
16 , 47 , -55.517658729177775
16 , 48 , -111.61395538659706
16 , 49 , -47.60669896986888
16 , 50 , 7.155771194298023
17 , 01 , 17.091684093876584
17 , 02 , -4.031601615473108
17 , 03 , 60.05950849962371
17 , 04 , -58.18476362670185
17 , 05 , 25.158751896016273
17 , 06 , -82.36290763832646
17 , 07 , -69.64537841652367
17 , 08 , 2.4004313965248576
17 , 09 , -14.952237621773495
17 , 10 , 0.025909745074771173
17 , 11 , -26.58544270944148
17 , 12 , -36.82668912504131
17 , 13 , 24.56176361346145
17 , 14 , 145.4297122886301
17 , 15 , 83.51704068240981
17 , 16 , -29.49222352855788
17 , 17 , 12.612730954137495
17 , 18 , -74.84786130048191
17 , 19 , 37.330766985189115
17 , 20 , -5.348456904971491
17 , 21 , 155.2202972203386
17 , 22 , 6.52384905919456
17 , 23 , 145.9071057969529
17 , 24 , -14.483089191362144
17 , 25 , -31.031736497610407
17 , 26 , -19.949725873803636
17 , 27 , 28.226526137203926
17 , 28 , 34.60546342562992
17 , 29 , 131.47241316133864
17 , 30 , 96.9954519798579
17 , 31 , -42.35025555440075
17 , 32 , -83.02715668920519
17 , 33 , 118.0006394262881
17 , 34 , -31.345362866261368
17 , 35 , -40.066177923522886
17 , 36 , -31.36662680434684
17 , 37 , 19.98633544492855
17 , 38 , 68.38502466297277
17 , 39 , 96.99822669884618
17 , 40 , -90.79849177290387
17 , 41 , 1.444380323962747
17 , 42 , -107.14665594088973
17 , 43 , 7.0976281188214365
17 , 44 , -135.9298329833488
17 , 45 , -59.25305869224366
17 , 46 , -87.23887846879133
17 , 47 , -43.078001955844954
17 , 48 , -79.5755081547638
17 , 49 , 12.800229623926842
17 , 50 , 2.2625533100604978
18 , 01 , 14.628407629818373
18 , 02 , -4.2283131103656135
18 , 03 , -96.92989873785962
18 , 04 , -35.366988791549566
18 , 05 , 42.483377948126375
18 , 06 , -22.308548174185464
18 , 07 , -223.7467021310001
18 , 08 , -24.905106572756697
18 , 09 , 58.36277925276923
18 , 10 , -184.1117117091581
18 , 11 , 20.05495776545977
18 , 12 , 35.8748333787669
18 , 13 , -85.44472686061827
18 , 14 , -140.95714526484403
18 , 15 , 106.77465895897244
18 , 16 , -187.64000980911075
18 , 17 , -67.4458267214012
18 , 18 , -65.43809474386208
18 , 19 , -35.43700498107003
18 , 20 , 1.325576572619946
18 , 21 , -160.06892851991245
18 , 22 , -24.968756884808357
18 , 23 , -6.029336025107897
18 , 24 , -37.01646020983013
18 , 25 , -163.50512697127365
18 , 26 , 102.13054059867717
18 , 27 , -101.8768597611281
18 , 28 , -109.08553090568816
18 , 29 , 78.1402802321743
18 , 30 , -196.20964398537313
18 , 31 , -68.89365753464199
18 , 32 , -85.71118735038604
18 , 33 , -87.91559439843206
18 , 34 , 55.584662364647485
18 , 35 , -96.90063221468267
18 , 36 , 99.8836688121153
18 , 37 , -68.55701199404427
18 , 38 , -51.09157458047319
18 , 39 , -149.59100671476043
18 , 40 , -163.47600730970257
18 , 41 , -114.10140873472272
18 , 42 , -28.541160431784242
18 , 43 , -104.22080024840493
18 , 44 , -182.2854154842674
18 , 45 , -50.32829756590468
18 , 46 , 43.19867642963113
18 , 47 , -85.17100826794402
18 , 48 , -214.1983927164172
18 , 49 , 167.71062597748397
18 , 50 , 57.8675760189837
19 , 01 , -94.9642957860659
19 , 02 , -152.04480767307365
19 , 03 , -66.74011139220414
19 , 04 , -15.073479706176656
19 , 05 , -63.990150127127826
19 , 06 , -137.78255719123467
19 , 07 , 110.78337827080131
19 , 08 , 51.49063865488241
19 , 09 , 18.31608441701656
19 , 10 , -90.32076064157152
19 , 11 , -50.84754676509009
19 , 12 , -94.80328372094449
19 , 13 , -28.782561313641143
19 , 14 , -121.6970584998061
19 , 15 , -21.51271771465356
19 , 16 , 11.072500491666112
19 , 17 , -98.69889089140896
19 , 18 , -16.391220161736143
19 , 19 , -36.09280554145508
19 , 20 , -76.90062310856212
19 , 21 , 55.15924953193331
19 , 22 , -24.356447459404432
19 , 23 , -73.54713347881578
19 , 24 , -62.40984729359478
19 , 25 , 58.544755182768505
19 , 26 , -45.51569077449852
19 , 27 , -39.691245782041726
19 , 28 , 12.923094058510816
19 , 29 , 14.562090407423879
19 , 30 , -68.16401510814273
19 , 31 , 6.212001120690822
19 , 32 , -48.230421483737764
19 , 33 , -70.23131095825569
19 , 34 , 2.366238486715778
19 , 35 , -26.016995881948475
19 , 36 , 93.26335385253186
19 , 37 , -27.94105966822412
19 , 38 , -6.0463421009652025
19 , 39 , -22.673326174835154
19 , 40 , 43.71502273356112
19 , 41 , 141.00473039001355
19 , 42 , 22.94549289913661
19 , 43 , 100.5956231863245
19 , 44 , 31.63461118099736
19 , 45 , 23.210689534856776
19 , 46 , -122.63892007389207
19 , 47 , -11.372134422942086
19 , 48 , 94.54307243751839
19 , 49 , -30.79548088114744
19 , 50 , -129.66640077588522
20 , 01 , 69.90532208606845
20 , 02 , 105.35770355564102
20 , 03 , 20.511871464968017
20 , 04 , -54.530620459998346
20 , 05 , -48.02744846031645
20 , 06 , 39.21708198760389
20 , 07 , 110.84619357236798
20 , 08 , -13.88719672270887
20 , 09 , 49.51850152885075
20 , 10 , 75.72150353045883
20 , 11 , 129.60919837834095
20 , 12 , -13.051632411513738
20 , 13 , 33.90539197795172
20 , 14 , 134.56543927770525
20 , 15 , 44.632218397052114
20 , 16 , 118.51119364177625
20 , 17 , -64.5914596743229
20 , 18 , -117.44385234998755
20 , 19 , 14.286772726089929
20 , 20 , -46.06017199641641
20 , 21 , 57.789439805797386
20 , 22 , -42.638339104680654
20 , 23 , -31.094243544669418
20 , 24 , 79.28809882213133
20 , 25 , -1.7454598986248637
20 , 26 , 29.764260634175763
20 , 27 , -18.234964407794678
20 , 28 , 2.013261064096909
20 , 29 , -69.6037904016122
20 , 30 , -17.98862961019495
20 , 31 , -39.67578080919673
20 , 32 , 83.52361695981517
20 , 33 , 4.735486127065087
20 , 34 , 90.79600417894072
20 , 35 , 136.7146348878075
20 , 36 , -34.63008883634013
20 , 37 , 30.643862196127046
20 , 38 , 59.375675717674454
20 , 39 , 13.179909903065635
20 , 40 , 6.812591577385497
20 , 41 , -90.19405928602869
20 , 42 , -25.62314172669328
20 , 43 , 167.67884190781302
20 , 44 , -13.332189832435258
20 , 45 , 87.90340955991564
20 , 46 , -80.4856452747057
20 , 47 , 102.75609251886765
20 , 48 , 103.43866406789044
20 , 49 , -129.460707049782
20 , 50 , -34.01091283842037
21 , 01 , -125.64941697825098
21 , 02 , -48.08580571213761
21 , 03 , -47.94829980485184
21 , 04 , 10.029670154592583
21 , 05 , -85.68019791428587
21 , 06 , 48.166841157017664
21 , 07 , -71.45069974468097
21 , 08 , 47.320851443313956
21 , 09 , 17.947055279428014
21 , 10 , 43.135800862146866
21 , 11 , -27.100907127846106
21 , 12 , 109.82445841818475
21 , 13 , 78.5922948258917
21 , 14 , 0.29903835798976175
21 , 15 , -61.69821361103251
21 , 16 , 208.47938931530453
21 , 17 , 6.357723131273999
21 , 18 , 65.75001775401472
21 , 19 , 35.52261753922626
21 , 20 , -14.774089367659109
21 , 21 , 16.802057696416014
21 , 22 , 40.636330431306405
21 , 23 , -63.65714052658491
21 , 24 , -101.21179167170678
21 , 25 , 67.7170709934358
21 , 26 , 1.100295789303141
21 , 27 , -35.64724499172391
21 , 28 , 8.912922736834354
21 , 29 , 40.1566228188927
21 , 30 , 115.18599439215126
21 , 31 , 29.499092094522354
21 , 32 , -24.908923958045154
21 , 33 , -4.23050042871408
21 , 34 , -90.62901773391684
21 , 35 , 100.887099637881
21 , 36 , 101.12835551995347
21 , 37 , 81.187193387175
21 , 38 , -119.16466600434383
21 , 39 , 42.710478655421966
21 , 40 , 50.15187147257947
21 , 41 , -36.94729750830025
21 , 42 , 183.14278205109565
21 , 43 , 99.34674820149328
21 , 44 , 106.70795548984914
21 , 45 , -34.48585691051162
21 , 46 , 69.67150793476164
21 , 47 , 38.487119925995664
21 , 48 , 70.74955158474917
21 , 49 , 36.51379471258529
21 , 50 , -49.482753171435064
22 , 01 , 97.30618656984913
22 , 02 , 38.47946813906759
22 , 03 , 43.65619699492556
22 , 04 , 89.42884834259272
22 , 05 , 45.79659966916965
22 , 06 , 38.11896175575142
22 , 07 , 271.40341709375355
22 , 08 , 44.5512487835842
22 , 09 , 49.104639078078044
22 , 10 , 69.05157748818303
22 , 11 , -62.36356371841441
22 , 12 , 16.145697284614585
22 , 13 , 120.84851651236735
22 , 14 , 69.90780122198612
22 , 15 , 63.57175755652435
22 , 16 , 104.53339567511429
22 , 17 , 110.40895307532347
22 , 18 , 159.74622222776392
22 , 19 , 206.77332971206292
22 , 20 , 121.99129134716756
22 , 21 , 226.73429532863216
22 , 22 , 46.794874495720784
22 , 23 , 72.23723536680968
22 , 24 , 135.74632476356666
22 , 25 , 273.3516449186214
22 , 26 , 1.7221166271466348
22 , 27 , 271.0734657209717
22 , 28 , 131.95544443882665
22 , 29 , 71.86216689542663
22 , 30 , 155.546220529015
22 , 31 , 120.87115246560231
22 , 32 , 144.34223022978892
22 , 33 , 202.9878550186607
22 , 34 , -128.99082779265672
22 , 35 , -4.409048399409194
22 , 36 , 31.86899707224023
22 , 37 , 45.967072588663626
22 , 38 , 106.29755850913999
22 , 39 , 135.37780437206447
22 , 40 , 226.1456082223813
22 , 41 , 256.7537423743103
22 , 42 , 36.88146568623841
22 , 43 , -3.955046437990747
22 , 44 , 136.3218963335237
22 , 45 , 69.52707378234793
22 , 46 , -31.9318542815913
22 , 47 , 43.66882240618156
22 , 48 , 76.0912138538637
22 , 49 , -23.229352100881048
22 , 50 , -14.580920565437392
23 , 01 , -21.603449116438586
23 , 02 , -50.44630238800707
23 , 03 , 50.116314059292634
23 , 04 , 23.980200843309635
23 , 05 , 45.93531843631215
23 , 06 , -38.73494362627953
23 , 07 , -55.500787403908234
23 , 08 , 101.47145146783218
23 , 09 , 95.76544265202122
23 , 10 , 79.95794506820134
23 , 11 , -20.916470146379396
23 , 12 , 6.402703222326139
23 , 13 , -40.51270409245644
23 , 14 , -60.448309873943124
23 , 15 , 16.73227494290991
23 , 16 , -4.885958808899101
23 , 17 , 10.045237916387268
23 , 18 , 56.03349714903802
23 , 19 , 0.8589578565062999
23 , 20 , -56.92169342033217
23 , 21 , -43.07128786953795
23 , 22 , 14.222439391923684
23 , 23 , -25.364974358215903
23 , 24 , -65.9334098733382
23 , 25 , 78.25169314603481
23 , 26 , -97.14180230605346
23 , 27 , 28.561112554924616
23 , 28 , 175.60175871409962
23 , 29 , 48.98731388389527
23 , 30 , -11.316588531231226
23 , 31 , -31.265063336852258
23 , 32 , 5.031136178312598
23 , 33 , -33.57282093457824
23 , 34 , -14.2147021655916
23 , 35 , 34.496625863912115
23 , 36 , -54.50229152875757
23 , 37 , -31.223782845419137
23 , 38 , 138.38201230441197
23 , 39 , 16.22114248438136
23 , 40 , 58.94554244997939
23 , 41 , 49.2611428568071
23 , 42 , 101.69175514554374
23 , 43 , -21.93944699672993
23 , 44 , 206.67763163281657
23 , 45 , 112.61738123301221
23 , 46 , 83.34618220747913
23 , 47 , 51.16851669012228
23 , 48 , 76.37865201652001
23 , 49 , -7.831249687876863
23 , 50 , -61.8156306470467
24 , 01 , 104.33830359095022
24 , 02 , -11.460730430541101
24 , 03 , -47.06213052025921
24 , 04 , -96.07014282064097
24 , 05 , -81.90025286985782
24 , 06 , -27.175825750127856
24 , 07 , 2.1012574134813917
24 , 08 , -76.37606392954858
24 , 09 , 183.979854417357
24 , 10 , 16.18617529856833
24 , 11 , 70.50716198159546
24 , 12 , -67.3460207711367
24 , 13 , 31.465251961402597
24 , 14 , -62.275093097873075
24 , 15 , 51.90211287476948
24 , 16 , -89.81823392488812
24 , 17 , -30.2545852560799
24 , 18 , -60.35939833722337
24 , 19 , -57.770690306413414
24 , 20 , 22.262328571789098
24 , 21 , -246.80221333136248
24 , 22 , -26.399030407630306
24 , 23 , -62.00135936246257
24 , 24 , -99.162627198866
24 , 25 , -96.0492697166414
24 , 26 , 39.060423919629685
24 , 27 , 79.11093457010377
24 , 28 , -67.70074191222
24 , 29 , 42.2767789119924
24 , 30 , -63.727525020954374
24 , 31 , 68.55195946531317
24 , 32 , -0.7594722306021744
24 , 33 , 20.112893100809817
24 , 34 , 56.13185744072844
24 , 35 , 10.022127943104882
24 , 36 , 38.690051308448886
24 , 37 , -32.80783944114115
24 , 38 , 49.09253989416783
24 , 39 , -7.1314072813662
24 , 40 , -102.76011018183667
24 , 41 , -130.88830768134022
24 , 42 , -46.886061218953486
24 , 43 , -132.97539604360225
24 , 44 , 15.627805674252834
24 , 45 , 73.42783149443066
24 , 46 , -95.23685737406909
24 , 47 , -54.170555894189036
24 , 48 , -64.05573168064906
24 , 49 , 69.35751096307354
24 , 50 , 4.675074277679331
25 , 01 , -9.783470081311743
25 , 02 , 63.56478153209527
25 , 03 , 14.720964513203617
25 , 04 , -25.21887630759419
25 , 05 , -45.75226628263303
25 , 06 , 54.65392626539916
25 , 07 , -62.033565821959705
25 , 08 , -94.43743185153724
25 , 09 , 50.790785193085675
25 , 10 , -99.30817533601063
25 , 11 , 24.465535866451752
25 , 12 , -78.84353536786976
25 , 13 , 117.16763293079389
25 , 14 , 24.08973870632067
25 , 15 , 115.20992290018913
25 , 16 , -113.83095041139764
25 , 17 , -38.01265530733484
25 , 18 , -40.23970514075517
25 , 19 , -24.759578153236777
25 , 20 , -19.472489860966697
25 , 21 , -71.09739609888709
25 , 22 , -69.3356966639237
25 , 23 , 2.2502069059306344
25 , 24 , -71.78444657038021
25 , 25 , -77.31606167972122
25 , 26 , 95.29972403157
25 , 27 , 128.0569095714155
25 , 28 , -23.233100508156554
25 , 29 , 78.40397155180223
25 , 30 , -152.51111947648474
25 , 31 , 3.8593929550632096
25 , 32 , -20.118176726086215
25 , 33 , -17.251251105135722
25 , 34 , -47.10470459174758
25 , 35 , -99.77039856918478
25 , 36 , 33.06866958447241
25 , 37 , 100.20223174092483
25 , 38 , 81.85138233072335
25 , 39 , -12.552173487957814
25 , 40 , 43.81673541490847
25 , 41 , 76.93452100159159
25 , 42 , -60.27798656557637
25 , 43 , -8.236983692929208
25 , 44 , -8.748597928889103
25 , 45 , -97.77695105738553
25 , 46 , -181.89863800905133
25 , 47 , 132.11734503137203
25 , 48 , -65.28890909111905
25 , 49 , -11.528409859314724
25 , 50 , -131.1150396066107
26 , 01 , 72.53443621525697
26 , 02 , 29.60446880763134
26 , 03 , 81.7368764831159
26 , 04 , -42.34984376466029
26 , 05 , 8.083417805043016
26 , 06 , -168.16358723893686
26 , 07 , 111.46127515432214
26 , 08 , 73.87089793087885
26 , 09 , -82.10844719092464
26 , 10 , 4.684658424408102
26 , 11 , -81.24676581056973
26 , 12 , 119.89493152295208
26 , 13 , 87.0937479052927
26 , 14 , 92.92064734695253
26 , 15 , 174.65458018105673
26 , 16 , -62.4456050846214
26 , 17 , 48.907908775789174
26 , 18 , 113.7104157091366
26 , 19 , 153.30455747042805
26 , 20 , -10.395813466957243
26 , 21 , 114.63485528322232
26 , 22 , -26.93165024373337
26 , 23 , 6.0730104208287425
26 , 24 , -22.28312139092228
26 , 25 , -38.32991003029423
26 , 26 , -75.83687471377914
26 , 27 , -29.728213441070956
26 , 28 , 242.39185772047736
26 , 29 , -87.14729373554019
26 , 30 , 48.00136894178531
26 , 31 , 10.030687998051093
26 , 32 , 19.918825913516756
26 , 33 , -93.51732062842127
26 , 34 , 18.816247912491413
26 , 35 , 48.81778617155915
26 , 36 , -49.564616166403724
26 , 37 , 33.59148002947818
26 , 38 , 59.21087661032361
26 , 39 , -14.294462380216977
26 , 40 , 54.20135988290913
26 , 41 , -7.162224335684101
26 , 42 , 38.972253053357065
26 , 43 , 103.08163166583218
26 , 44 , 36.46197522820425
26 , 45 , -64.70024943687817
26 , 46 , 6.541040288811413
26 , 47 , 30.702500099085768
26 , 48 , 126.04889316394815
26 , 49 , 33.99117896755945
26 , 50 , -66.61332824979385
27 , 01 , 26.670856290475268
27 , 02 , -152.1592922559699
27 , 03 , -75.11263698345938
27 , 04 , -59.18072822365745
27 , 05 , -124.53726376142593
27 , 06 , -169.97475430602466
27 , 07 , -14.570429121536733
27 , 08 , 30.899534326507823
27 , 09 , 0.6261275120268472
27 , 10 , -84.59305051951848
27 , 11 , -10.398223637039688
27 , 12 , 65.67995237252033
27 , 13 , -65.44556176766247
27 , 14 , -177.784121097879
27 , 15 , 73.53851767926118
27 , 16 , -44.07366637421327
27 , 17 , -89.73107403133575
27 , 18 , -38.100347010361546
27 , 19 , 5.35685276238986
27 , 20 , -17.76832667607037
27 , 21 , -70.47122436540973
27 , 22 , -37.4298884418651
27 , 23 , -65.051575876712
27 , 24 , -50.47096637383376
27 , 25 , -85.99611542139593
27 , 26 , -65.68676837059343
27 , 27 , -16.375052455866335
27 , 28 , -50.73015570527843
27 , 29 , -92.38620923072574
27 , 30 , 30.368230145804702
27 , 31 , -123.10818942286521
27 , 32 , 16.907795840482642
27 , 33 , -162.40890741263706
27 , 34 , -32.592185691184746
27 , 35 , -96.8167147335672
27 , 36 , -64.94592121500845
27 , 37 , -21.662071140233266
27 , 38 , -33.350542286044124
27 , 39 , -138.47591819953897
27 , 40 , -50.17014315668247
27 , 41 , 19.35710924285398
27 , 42 , -10.664543635770256
27 , 43 , -78.71003347292984
27 , 44 , -27.912051577545018
27 , 45 , -107.56545901755227
27 , 46 , 32.299784303163044
27 , 47 , -112.88787783077406
27 , 48 , -65.08587791270897
27 , 49 , 31.98910711629777
27 , 50 , -114.63152830978119
28 , 01 , -135.18006663464837
28 , 02 , -77.62868972791755
28 , 03 , -33.21713095842763
28 , 04 , 65.31670367683948
28 , 05 , 47.882038963157484
28 , 06 , -55.704364871422946
28 , 07 , -57.46926460607023
28 , 08 , -40.198061966355894
28 , 09 , -89.21479715476005
28 , 10 , -56.83635615061897
28 , 11 , -23.208840090188648
28 , 12 , -10.55556707185939
28 , 13 , -64.03535115735869
28 , 14 , -82.25661910695786
28 , 15 , -39.922791504429114
28 , 16 , -91.76970305994313
28 , 17 , 2.6057234330645285
28 , 18 , -70.21833916336014
28 , 19 , -8.717219809178852
28 , 20 , -4.721099258829302
28 , 21 , -55.91957254924387
28 , 22 , -94.42363808629229
28 , 23 , -8.440472671679409
28 , 24 , 21.71704106744217
28 , 25 , 4.795235600696989
28 , 26 , -18.90272505991202
28 , 27 , -133.2069497794234
28 , 28 , -87.22914819674989
28 , 29 , -49.16600251897125
28 , 30 , 15.84561226885492
28 , 31 , -29.23854914784119
28 , 32 , -68.8912340800503
28 , 33 , 32.153566159300695
28 , 34 , -12.78418919463454
28 , 35 , -120.97956908306902
28 , 36 , 10.84165830387958
28 , 37 , -119.0886412303833
28 , 38 , -89.92531738671047
28 , 39 , -136.3667042867554
28 , 40 , -31.64065099187122
28 , 41 , -34.98881565154145
28 , 42 , -50.1371080135897
28 , 43 , 32.76466603932853
28 , 44 , -3.0381698842107685
28 , 45 , 85.91372603002294
28 , 46 , -23.948379491464117
28 , 47 , -51.807946973452985
28 , 48 , -83.53905803186944
28 , 49 , -32.645906864421725
28 , 50 , -30.79101865156646
29 , 01 , -42.68320067659586
29 , 02 , -91.77010978934383
29 , 03 , -45.22532247189145
29 , 04 , -90.67356085695558
29 , 05 , -19.712181445441708
29 , 06 , -159.66217424664927
29 , 07 , -99.88581682514264
29 , 08 , -3.5378223889254223
29 , 09 , -127.80315265637952
29 , 10 , -11.479067691654661
29 , 11 , -124.1410913809205
29 , 12 , -17.048329630200076
29 , 13 , -155.94077901057474
29 , 14 , 60.65074136090958
29 , 15 , -5.707821227584955
29 , 16 , -67.95715272391986
29 , 17 , -70.37595967539457
29 , 18 , 12.17456276764699
29 , 19 , -23.38671799028227
29 , 20 , -35.83396950044924
29 , 21 , 63.50942033412442
29 , 22 , -35.852507521560135
29 , 23 , 37.00897908255167
29 , 24 , 22.254010146128444
29 , 25 , -121.66698524792595
29 , 26 , -90.17306423028788
29 , 27 , -38.92751606877748
29 , 28 , 65.6554223525842
29 , 29 , 40.59091655158941
29 , 30 , 40.81674060319408
29 , 31 , -61.76443719956364
29 , 32 , -152.9420030480011
29 , 33 , 3.577695057593041
29 , 34 , 52.252844769588314
29 , 35 , -19.4800295445721
29 , 36 , 45.644714912263886
29 , 37 , -133.86126046009127
29 , 38 , -19.17764972167235
29 , 39 , -142.15631847267338
29 , 40 , -56.44031038403199
29 , 41 , -19.036645829038758
29 , 42 , -24.10858031280841
29 , 43 , -57.02434091380822
29 , 44 , -130.66314408316214
29 , 45 , -67.68775739307372
29 , 46 , 10.88326310383506
29 , 47 , 22.159591597910897
29 , 48 , -85.18151390031957
29 , 49 , -62.86949492686661
29 , 50 , 96.97194504963903
30 , 01 , -11.78355713399815
30 , 02 , -212.79557193361666
30 , 03 , -99.69419138024358
30 , 04 , 25.618980455583014
30 , 05 , 105.70291109142828
30 , 06 , -39.03070534089884
30 , 07 , -94.15072616061772
30 , 08 , -18.014087748106764
30 , 09 , -80.47962634040674
30 , 10 , -82.20688677809578
30 , 11 , -47.91748420250209
30 , 12 , 13.710956325713047
30 , 13 , -182.93192322921809
30 , 14 , -122.20831977401899
30 , 15 , -80.50762931827418
30 , 16 , -12.776775480023485
30 , 17 , 38.86142892442818
30 , 18 , 63.49131687249249
30 , 19 , -19.078818370550152
30 , 20 , -74.93542607763864
30 , 21 , -166.62484784069434
30 , 22 , -93.04301300908294
30 , 23 , -6.797761705564153
30 , 24 , 133.90272688908422
30 , 25 , -35.43767505741892
30 , 26 , 57.858881482329544
30 , 27 , -139.28730254107325
30 , 28 , 7.578091593628832
30 , 29 , -136.9338840201732
30 , 30 , -18.566903577099644
30 , 31 , -51.49369415545482
30 , 32 , -59.596964362545066
30 , 33 , 19.22824328797701
30 , 34 , -19.434099148195806
30 , 35 , -129.64775246053463
30 , 36 , -71.61516461390184
30 , 37 , -74.13795533593024
30 , 38 , -99.60801839504107
30 , 39 , -149.695316199118
30 , 40 , -64.62142154787279
30 , 41 , -4.974985061550155
30 , 42 , -33.53421169968147
30 , 43 , -22.184166662917704
30 , 44 , -54.4103364885136
30 , 45 , 76.31442390513938
30 , 46 , 16.571303558753918
30 , 47 , -117.44772437746937
30 , 48 , -68.68071085624508
30 , 49 , 43.922318105589646
30 , 50 , -18.157714479715864
31 , 01 , -59.858286860427704
31 , 02 , -48.89336633011696
31 , 03 , -24.06281905641561
31 , 04 , -70.05951740691945
31 , 05 , -64.92639221679225
31 , 06 , -9.937327456697833
31 , 07 , -13.991284032247194
31 , 08 , 3.332352774549401
31 , 09 , 108.49521937450368
31 , 10 , 16.981335014884184
31 , 11 , -41.07345044616658
31 , 12 , 4.821491439661777
31 , 13 , -46.43749499803384
31 , 14 , 27.082154061512085
31 , 15 , -39.62866142486024
31 , 16 , 26.121296834579553
31 , 17 , 56.019732865723334
31 , 18 , -88.145909575532
31 , 19 , -12.755879863927214
31 , 20 , 72.57552315107078
31 , 21 , 7.0956967452858635
31 , 22 , 203.02098407476052
31 , 23 , -21.769194015322892
31 , 24 , -121.15388719039632
31 , 25 , -60.204016731719435
31 , 26 , -130.8471795769927
31 , 27 , -23.39030852314283
31 , 28 , 33.44349346385939
31 , 29 , 55.768994538411306
31 , 30 , 74.48866731709836
31 , 31 , -20.84609343407508
31 , 32 , 89.14291913641668
31 , 33 , -39.51360016932082
31 , 34 , -0.14427360860279337
31 , 35 , -17.574583887573027
31 , 36 , -24.556027243319157
31 , 37 , 41.032341823793914
31 , 38 , 71.58539957359271
31 , 39 , -1.432843020494651
31 , 40 , 47.4865135643906
31 , 41 , -1.3865891967124542
31 , 42 , 214.0437818463048
31 , 43 , -22.008757764464356
31 , 44 , -1.724712610263969
31 , 45 , -19.98649467749192
31 , 46 , -15.436010409574294
31 , 47 , 153.32542250463922
31 , 48 , 85.52836499106324
31 , 49 , -44.799761252133905
31 , 50 , -13.74076309659331
32 , 01 , 28.8399159264794
32 , 02 , -38.51198819835648
32 , 03 , 7.764280816365179
32 , 04 , 91.38404201815591
32 , 05 , 24.76779679982029
32 , 06 , 65.92246555697787
32 , 07 , 85.94628087640743
32 , 08 , 81.95226380064491
32 , 09 , -77.13004905848561
32 , 10 , 1.7352682833902113
32 , 11 , 92.601003492843
32 , 12 , 14.591273255589599
32 , 13 , -21.84437924528713
32 , 14 , -130.6648909322895
32 , 15 , -21.9974999884644
32 , 16 , 48.470459192585835
32 , 17 , 30.68710745432354
32 , 18 , 16.163404769522014
32 , 19 , -26.293108401012663
32 , 20 , -127.86285432828066
32 , 21 , 33.015335545244284
32 , 22 , -59.062984499456846
32 , 23 , -40.91195267601097
32 , 24 , 66.21423717340686
32 , 25 , 36.341415543745384
32 , 26 , 47.14329492037086
32 , 27 , -31.604164473072444
32 , 28 , 26.838594303406367
32 , 29 , -36.69248244691395
32 , 30 , -65.1925600898364
32 , 31 , -10.253620515969608
32 , 32 , 96.27623543854735
32 , 33 , 37.54006065942783
32 , 34 , 38.208434394227815
32 , 35 , 95.08089235734813
32 , 36 , 8.970869779810403
32 , 37 , 10.310398271916334
32 , 38 , 22.051530587885953
32 , 39 , -43.576519907042886
32 , 40 , 20.223085838956536
32 , 41 , 86.69254231194336
32 , 42 , -80.0822918518173
32 , 43 , 45.5288468824808
32 , 44 , 70.83464321151916
32 , 45 , 27.817272176943522
32 , 46 , 82.69817128033945
32 , 47 , -45.58807086938269
32 , 48 , 45.18435532760413
32 , 49 , -23.39451762292061
32 , 50 , 33.841584597229776
33 , 01 , 109.07669391803827
33 , 02 , -0.35691934045715623
33 , 03 , -15.003474949532805
33 , 04 , -65.92876286167198
33 , 05 , 63.46193212733838
33 , 06 , 107.29595209454752
33 , 07 , 90.70805031781877
33 , 08 , -30.583734008881784
33 , 09 , -92.22938750035983
33 , 10 , -82.49392807045086
33 , 11 , 6.279461955628109
33 , 12 , 91.64315053001506
33 , 13 , 68.14194994851553
33 , 14 , -5.075445554847709
33 , 15 , -14.498775394626202
33 , 16 , 1.4088795875979154
33 , 17 , -35.56238173795348
33 , 18 , 34.700662795986915
33 , 19 , 174.9012930510988
33 , 20 , -90.7961606385612
33 , 21 , -72.53570375538918
33 , 22 , -89.03999421950749
33 , 23 , 17.072282834673015
33 , 24 , -36.51002823240775
33 , 25 , 147.2012276380928
33 , 26 , 127.57373511382838
33 , 27 , 152.27869038949254
33 , 28 , 59.94408919511487
33 , 29 , 13.903287291884004
33 , 30 , -90.0988892357241
33 , 31 , 154.76953198397445
33 , 32 , -10.46130838055825
33 , 33 , -43.0875243326431
33 , 34 , -147.49128714966838
33 , 35 , 164.7544583315195
33 , 36 , 12.076722285009222
33 , 37 , 61.571288897506975
33 , 38 , -26.254990254249673
33 , 39 , 187.07594988401684
33 , 40 , 18.38446613122307
33 , 41 , -4.157409229381585
33 , 42 , -7.481681024201426
33 , 43 , -23.120570147950524
33 , 44 , 75.12744863359521
33 , 45 , 80.98500057909173
33 , 46 , 104.71170716850574
33 , 47 , 37.52896109219019
33 , 48 , 167.6759225727863
33 , 49 , 33.06687221363024
33 , 50 , 13.476003295379321
34 , 01 , 81.24184287384197
34 , 02 , -107.52513372180876
34 , 03 , 4.045551003142769
34 , 04 , -38.669184617691826
34 , 05 , 14.590677314582472
34 , 06 , -90.21805116582227
34 , 07 , 75.86828730368275
34 , 08 , -94.07095292444826
34 , 09 , -23.95289537947017
34 , 10 , -61.087840982196816
34 , 11 , -95.48238161644063
34 , 12 , -99.37012704841948
34 , 13 , -69.06666947554972
34 , 14 , -212.7807893296971
34 , 15 , -30.908293210850996
34 , 16 , -33.959274896015536
34 , 17 , -106.59298356273034
34 , 18 , -16.16388138148197
34 , 19 , -93.91310685044456
34 , 20 , -17.245370979954515
34 , 21 , -95.21010590792129
34 , 22 , -53.6377954968179
34 , 23 , -46.605610427613
34 , 24 , 188.32983131852666
34 , 25 , 52.7291359602702
34 , 26 , 29.80371288492058
34 , 27 , -129.9234589553126
34 , 28 , -124.16036709897743
34 , 29 , -216.32834240107474
34 , 30 , -96.00628193750946
34 , 31 , -40.79042322294512
34 , 32 , 67.65438937768089
34 , 33 , 66.56894482816617
34 , 34 , 49.6074664054513
34 , 35 , -113.82811993993093
34 , 36 , -95.52040162958066
34 , 37 , 19.885397154270493
34 , 38 , -160.81040524854373
34 , 39 , -6.809628431188145
34 , 40 , -123.38539045200221
34 , 41 , 18.039060846161462
34 , 42 , -66.8569537881009
34 , 43 , -135.11740418284492
34 , 44 , -286.1674233279211
34 , 45 , 57.45227891042912
34 , 46 , 49.71179521087693
34 , 47 , -220.41900157800006
34 , 48 , -68.89450632490285
34 , 49 , -28.2077277472495
34 , 50 , -67.79590138421631
35 , 01 , 73.57487564313803
35 , 02 , 46.69467206664949
35 , 03 , 3.9637156043096624
35 , 04 , 86.76955229359595
35 , 05 , 37.62479855030189
35 , 06 , 69.02458744043173
35 , 07 , -38.20359118997914
35 , 08 , 48.27448472461835
35 , 09 , 127.17059557080428
35 , 10 , 58.19054630567061
35 , 11 , 38.640912396353755
35 , 12 , -66.73772494504145
35 , 13 , -70.11873572324289
35 , 14 , -59.031992785674994
35 , 15 , -25.05712299364536
35 , 16 , -57.62300461015556
35 , 17 , 56.97572889032173
35 , 18 , -22.79588500098093
35 , 19 , -125.04761079236289
35 , 20 , 49.088913922958255
35 , 21 , -7.518309112967799
35 , 22 , 246.73821371819827
35 , 23 , 109.48948255996291
35 , 24 , 35.457409443721765
35 , 25 , -47.24794181514515
35 , 26 , 7.432215467330948
35 , 27 , 90.46974989419289
35 , 28 , 16.582025669631975
35 , 29 , 162.28714285867832
35 , 30 , 2.153068583262545
35 , 31 , -83.82085310738285
35 , 32 , 81.70109306571746
35 , 33 , 149.84683330942323
35 , 34 , 90.41302263254063
35 , 35 , 34.027468024056226
35 , 36 , 144.15773462759304
35 , 37 , 57.49997295761489
35 , 38 , 106.91705124681827
35 , 39 , 58.813026136516996
35 , 40 , -71.930163910574
35 , 41 , 140.69848212641713
35 , 42 , -54.7499464173701
35 , 43 , -65.57373955306855
35 , 44 , 81.02242232040439
35 , 45 , -38.13715302656195
35 , 46 , -57.233150212026175
35 , 47 , 89.41526448785515
35 , 48 , -39.78252640012612
35 , 49 , 5.420540813718823
35 , 50 , 178.84883278591067
36 , 01 , 2.57861733773448
36 , 02 , 75.7749090423724
36 , 03 , -26.017500147608295
36 , 04 , 61.51489959461352
36 , 05 , 2.0755231674707435
36 , 06 , 105.78086983136082
36 , 07 , 58.24369915777142
36 , 08 , -107.58381522731267
36 , 09 , 110.85905332625732
36 , 10 , 107.32151296452952
36 , 11 , 2.856183724425069
36 , 12 , -62.534756857279454
36 , 13 , 101.29633108297331
36 , 14 , 42.59048921315687
36 , 15 , -7.305705825562059
36 , 16 , 67.4632388974405
36 , 17 , -2.3586531615001336
36 , 18 , 20.208294120985606
36 , 19 , 3.990328022567654
36 , 20 , 68.9108042389262
36 , 21 , 7.3692264467106146
36 , 22 , 160.62325604808225
36 , 23 , 141.5458141863067
36 , 24 , 101.30593329085997
36 , 25 , 93.72736885020986
36 , 26 , 24.056600743080743
36 , 27 , 68.86293755306808
36 , 28 , -14.205356922322508
36 , 29 , 94.64421457607311
36 , 30 , 35.47782064554744
36 , 31 , 21.764689957544554
36 , 32 , 88.82704458163641
36 , 33 , 60.59218287465726
36 , 34 , 38.07622985069626
36 , 35 , -95.62908451808819
36 , 36 , 117.01985861884323
36 , 37 , -88.10456057825134
36 , 38 , -58.99143000001688
36 , 39 , 31.619331176229775
36 , 40 , 33.66694837159529
36 , 41 , 91.77169365115529
36 , 42 , -70.92642595276295
36 , 43 , 3.4302111285418047
36 , 44 , -119.77413736631922
36 , 45 , 67.77660063895487
36 , 46 , 28.937737954091673
36 , 47 , 26.358331641018346
36 , 48 , -39.02387855815844
36 , 49 , -104.74066694834355
36 , 50 , 0.2142693346090767
37 , 01 , 41.120360514050105
37 , 02 , -71.14453256511175
37 , 03 , 65.28741738580906
37 , 04 , 64.03872920279201
37 , 05 , 37.57506214996437
37 , 06 , -2.76212709004991
37 , 07 , -89.94772422597254
37 , 08 , 64.97087699028853
37 , 09 , -0.16918422109688347
37 , 10 , -12.775112472795271
37 , 11 , -6.997622410242599
37 , 12 , 132.75262016903162
37 , 13 , -71.66152315481106
37 , 14 , -140.1161773683251
37 , 15 , 75.28528975736829
37 , 16 , -8.860241744041431
37 , 17 , -24.063030627348056
37 , 18 , -10.433711887498621
37 , 19 , 102.93808281413902
37 , 20 , -111.85018126423955
37 , 21 , -53.61517346831566
37 , 22 , -32.12582410427923
37 , 23 , 21.524227127527972
37 , 24 , 49.5091142799898
37 , 25 , 167.92316705739412
37 , 26 , 57.32476036665655
37 , 27 , -25.212640344175142
37 , 28 , 60.18906021707903
37 , 29 , -25.037460819737788
37 , 30 , -136.50626264522515
37 , 31 , -15.992413650545029
37 , 32 , 30.21834110419562
37 , 33 , -30.19741683747359
37 , 34 , -3.7306897808267454
37 , 35 , 72.41050197728204
37 , 36 , 0.32110179438977227
37 , 37 , 108.35344144073058
37 , 38 , -15.08405466736783
37 , 39 , -64.7188291444266
37 , 40 , 33.97380476180092
37 , 41 , 12.327506321905354
37 , 42 , 9.225571217514705
37 , 43 , 46.33324649234785
37 , 44 , 15.441842495586435
37 , 45 , 42.45908706548222
37 , 46 , 116.8368128899135
37 , 47 , -0.3084783495345711
37 , 48 , 63.68725594322979
37 , 49 , 1.9813604675304468
37 , 50 , -150.86079233707454
38 , 01 , 49.979702480191435
38 , 02 , 63.73724936666901
38 , 03 , 6.845119623372176
38 , 04 , -40.601900122537145
38 , 05 , 44.790406703856114
38 , 06 , 38.309102706026536
38 , 07 , -5.216094596318008
38 , 08 , 61.5388574032125
38 , 09 , -10.13764081349592
38 , 10 , -26.069439365006087
38 , 11 , 110.53441810984627
38 , 12 , 191.6348441690124
38 , 13 , 13.227160737745116
38 , 14 , -61.28545873205802
38 , 15 , 74.90959488196404
38 , 16 , -35.16375155394431
38 , 17 , -71.36518738349892
38 , 18 , -74.57896554351319
38 , 19 , 7.802849487157911
38 , 20 , -53.23221601100806
38 , 21 , -32.57606914406139
38 , 22 , -76.39283438647215
38 , 23 , 130.79907295236202
38 , 24 , -75.15681176025286
38 , 25 , 22.988251491607357
38 , 26 , 18.08914658773428
38 , 27 , 27.376431927089715
38 , 28 , 77.5280357851745
38 , 29 , -22.261421272056133
38 , 30 , -17.60349219641681
38 , 31 , 79.7802785848681
38 , 32 , -9.284568221792567
38 , 33 , 11.482050440171927
38 , 34 , -19.065376338264315
38 , 35 , 135.68053367491953
38 , 36 , 72.56556258520727
38 , 37 , 40.12446136734273
38 , 38 , 13.113922141923634
38 , 39 , 6.430280857484294
38 , 40 , -99.10553518579056
38 , 41 , -64.70461766492478
38 , 42 , -13.039086198174692
38 , 43 , -22.017438574700797
38 , 44 , -55.1691341138725
38 , 45 , 101.42214790378056
38 , 46 , 52.67651690898831
38 , 47 , -43.86730481999022
38 , 48 , 23.162966094344608
38 , 49 , 48.91060879226461
38 , 50 , 111.5952326624879
39 , 01 , -12.396238261254254
39 , 02 , 103.31798030805805
39 , 03 , -27.055438394115534
39 , 04 , 101.88351530344428
39 , 05 , 27.596980458875844
39 , 06 , 37.11563575488539
39 , 07 , 80.24807295142948
39 , 08 , 49.36111059685165
39 , 09 , 52.63765062288428
39 , 10 , -53.453559316837335
39 , 11 , -15.636632897874062
39 , 12 , -100.71491242968452
39 , 13 , 13.850667185868554
39 , 14 , 53.62126904466958
39 , 15 , -54.22692012332957
39 , 16 , 46.86767284807403
39 , 17 , 118.15453959757971
39 , 18 , 21.866630278610888
39 , 19 , -95.07976292184199
39 , 20 , 94.32235400792351
39 , 21 , 68.62110658454499
39 , 22 , 117.16560128439232
39 , 23 , 37.81816676188764
39 , 24 , -74.27768263098947
39 , 25 , 101.01631221120064
39 , 26 , -103.46507880914363
39 , 27 , -16.038574568242908
39 , 28 , -106.44548945218504
39 , 29 , -24.35647621234391
39 , 30 , 105.67953829555094
39 , 31 , -56.2478023410187
39 , 32 , 167.0955010766378
39 , 33 , 48.69438335266893
39 , 34 , -55.05217594874741
39 , 35 , -112.8190160652836
39 , 36 , -47.78056284611084
39 , 37 , -74.14536481014531
39 , 38 , 4.127090985203495
39 , 39 , 15.202872430384502
39 , 40 , 71.5598152212597
39 , 41 , 82.95972075178312
39 , 42 , -101.77357429399056
39 , 43 , 31.009387433170048
39 , 44 , 126.23184565108028
39 , 45 , -12.022760401522007
39 , 46 , -96.41067176347242
39 , 47 , 66.40038490891124
39 , 48 , -16.3274074082142
39 , 49 , -57.66413030213428
39 , 50 , 20.086221123007252
40 , 01 , 27.426852038344705
40 , 02 , -53.23590445918194
40 , 03 , 76.24212948016795
40 , 04 , 35.54479434275224
40 , 05 , 60.42234264080069
40 , 06 , -45.112773095882964
40 , 07 , 21.22510296220849
40 , 08 , -53.87403130710754
40 , 09 , -43.48693644491461
40 , 10 , 102.72063729215681
40 , 11 , -140.68727669043244
40 , 12 , -6.069161441889127
40 , 13 , -63.460586404540756
40 , 14 , 25.43729309045967
40 , 15 , -4.129621270038862
40 , 16 , -115.30278549910906
40 , 17 , -56.263088380170615
40 , 18 , -44.75844493949218
40 , 19 , -76.01757995751936
40 , 20 , -35.22129185866314
40 , 21 , -62.51296309750768
40 , 22 , 25.285455181892626
40 , 23 , 110.11337731135346
40 , 24 , 46.54005725777559
40 , 25 , -10.312788170826007
40 , 26 , -33.605419088004204
40 , 27 , 70.60074135314528
40 , 28 , 24.540103985732042
40 , 29 , 17.86485573336699
40 , 30 , 1.5975681396408135
40 , 31 , 115.12950809307321
40 , 32 , -108.01171435398416
40 , 33 , 136.79395006313678
40 , 34 , 23.797718471463273
40 , 35 , -133.7997177610337
40 , 36 , -66.25867248021969
40 , 37 , -85.19438102638956
40 , 38 , -66.99964204179406
40 , 39 , 46.93278381250793
40 , 40 , 66.9970228976839
40 , 41 , -91.61039109808897
40 , 42 , -35.449773948841184
40 , 43 , -79.03235353399562
40 , 44 , -218.6251630146578
40 , 45 , 67.13131504846572
40 , 46 , 27.977033801810098
40 , 47 , -108.44983890912934
40 , 48 , -31.569530821791126
40 , 49 , 8.83941647620751
40 , 50 , -1.065470122120145
41 , 01 , 46.16607338674445
41 , 02 , 16.06975362101454
41 , 03 , 75.29309779982813
41 , 04 , 5.327914319645361
41 , 05 , 173.67546741788817
41 , 06 , -129.46196466468746
41 , 07 , 117.69486130338596
41 , 08 , -10.125299547372704
41 , 09 , -83.32225512229945
41 , 10 , 11.42787552915141
41 , 11 , -50.76177124476838
41 , 12 , 44.64537547850399
41 , 13 , 48.9881220134681
41 , 14 , 3.3851909468593835
41 , 15 , 80.19557529075587
41 , 16 , 107.6889766523104
41 , 17 , -61.40790433097983
41 , 18 , 122.20045074548464
41 , 19 , -15.826803525532263
41 , 20 , -59.48658323240937
41 , 21 , 127.11065776081722
41 , 22 , -28.10513912671277
41 , 23 , -17.091764155716618
41 , 24 , 110.84283365343069
41 , 25 , 27.394158806604825
41 , 26 , 38.06030264432203
41 , 27 , -44.77694054254012
41 , 28 , 99.72992717532337
41 , 29 , 4.955164268457369
41 , 30 , 110.09139340024673
41 , 31 , 14.496229189291602
41 , 32 , 3.2611076985555507
41 , 33 , 9.984843424737392
41 , 34 , -79.6957409963119
41 , 35 , 160.4252255771828
41 , 36 , -53.437786691002565
41 , 37 , 24.41320899689087
41 , 38 , 26.933366483004132
41 , 39 , 86.56358753177528
41 , 40 , 34.67858483126135
41 , 41 , 19.807900483903268
41 , 42 , -14.295037187028832
41 , 43 , 14.131391486700531
41 , 44 , 2.9027933068688316
41 , 45 , 61.607761074854025
41 , 46 , 140.59723327487345
41 , 47 , -71.05958148372208
41 , 48 , 113.62645437527809
41 , 49 , 3.669964623962014
41 , 50 , 49.46332753458911
42 , 01 , 90.26971487335881
42 , 02 , -19.875580514222808
42 , 03 , -63.210790572993936
42 , 04 , -192.9265498057613
42 , 05 , 78.23338811951531
42 , 06 , -87.74950247784284
42 , 07 , 121.09261150651564
42 , 08 , -100.79381735176878
42 , 09 , 87.18301145353284
42 , 10 , -31.96375082007025
42 , 11 , 51.46347685111487
42 , 12 , -96.9891492789523
42 , 13 , -29.86637376238344
42 , 14 , 0.7464029664849187
42 , 15 , 3.2523561607576763
42 , 16 , -20.81312608126912
42 , 17 , 59.91919177444896
42 , 18 , -69.61053221240844
42 , 19 , -114.94418366296125
42 , 20 , 48.663524044190595
42 , 21 , -22.56976228160675
42 , 22 , -33.967472065369066
42 , 23 , -19.541169197601217
42 , 24 , -7.235149611726869
42 , 25 , -80.14265653358875
42 , 26 , 39.06866982477573
42 , 27 , -25.317596525837665
42 , 28 , -44.249015231582824
42 , 29 , 26.796237736599192
42 , 30 , 6.744205628712738
42 , 31 , 122.92379271831544
42 , 32 , 35.243102036976154
42 , 33 , 23.35610184797911
42 , 34 , 54.11350967447268
42 , 35 , 6.972217306953578
42 , 36 , 6.654668571393458
42 , 37 , 0.47132325239750833
42 , 38 , 99.61127372501802
42 , 39 , 24.94792514525867
42 , 40 , -5.1306206669694605
42 , 41 , 5.852405304078367
42 , 42 , -96.36790880564229
42 , 43 , -30.253013354986724
42 , 44 , 34.43949697619662
42 , 45 , 44.47041913204489
42 , 46 , -61.78274975453204
42 , 47 , -40.789901891708176
42 , 48 , 3.8281803314360903
42 , 49 , 71.19027684977178
42 , 50 , 13.803217427694868
43 , 01 , 1.5863724550266434
43 , 02 , 43.31130981627324
43 , 03 , 112.38883586972187
43 , 04 , 55.25115920394948
43 , 05 , 26.56867258000369
43 , 06 , 135.4186331242613
43 , 07 , -6.935993667683351
43 , 08 , -114.08055455267888
43 , 09 , -9.561959544347802
43 , 10 , 132.32519518320964
43 , 11 , 50.73933167465141
43 , 12 , -88.68345831221912
43 , 13 , 79.64228121111947
43 , 14 , 91.23339872239158
43 , 15 , -14.930326442642196
43 , 16 , 51.740772694306024
43 , 17 , 77.33911916134439
43 , 18 , 41.0090339527165
43 , 19 , -73.03290271875926
43 , 20 , 53.36600587101393
43 , 21 , -27.691306016105006
43 , 22 , 89.30547908820631
43 , 23 , 25.409072484912837
43 , 24 , 31.005883389154665
43 , 25 , -25.162668376191153
43 , 26 , -116.44121607416864
43 , 27 , -63.252676070655156
43 , 28 , -91.88686997108361
43 , 29 , -42.95961780714803
43 , 30 , 54.58185902222418
43 , 31 , 16.59385745119673
43 , 32 , 155.34282055991054
43 , 33 , 28.17475519879139
43 , 34 , 66.87513636358115
43 , 35 , 18.50589603594907
43 , 36 , -16.92708298894751
43 , 37 , -10.487231141104244
43 , 38 , -116.32219986679662
43 , 39 , 117.2068772132916
43 , 40 , -45.565519739672915
43 , 41 , -82.81886730701441
43 , 42 , -78.63169090346109
43 , 43 , 52.54948636175698
43 , 44 , -147.25526990093448
43 , 45 , -46.144741770066965
43 , 46 , -25.080125590855726
43 , 47 , -33.15509338797842
43 , 48 , 57.27732686472446
43 , 49 , -124.82834965171146
43 , 50 , -66.66745845115977
44 , 01 , -31.88735046493212
44 , 02 , 164.69761110991985
44 , 03 , -99.43506652871973
44 , 04 , 170.0071659672876
44 , 05 , 162.9572818570435
44 , 06 , 15.612644893308836
44 , 07 , 91.01905920622482
44 , 08 , -5.907088729210136
44 , 09 , 11.271786230805997
44 , 10 , 35.93528090474838
44 , 11 , 41.5869880872207
44 , 12 , -1.249131919815814
44 , 13 , -50.64121720747653
44 , 14 , -5.644928583144612
44 , 15 , -35.23519313998788
44 , 16 , 12.17914681877887
44 , 17 , 0.7042332550629791
44 , 18 , 121.42935203680216
44 , 19 , 23.20657506633771
44 , 20 , -8.972880989610156
44 , 21 , 109.42690518891102
44 , 22 , 101.24348254898727
44 , 23 , 127.77912732908858
44 , 24 , 108.0528058125246
44 , 25 , 69.75907422385704
44 , 26 , 30.61207672782504
44 , 27 , 50.311913154462985
44 , 28 , 38.93912172102988
44 , 29 , 55.082443972213504
44 , 30 , -33.885763758908276
44 , 31 , 168.75374596444027
44 , 32 , 6.0403361554867105
44 , 33 , 36.68423600190751
44 , 34 , -133.1749152468877
44 , 35 , 87.2782061743219
44 , 36 , 205.28601984386646
44 , 37 , 56.30055217635869
44 , 38 , -9.78576153755544
44 , 39 , 75.94712383197056
44 , 40 , 61.48243136519038
44 , 41 , 23.504700535148995
44 , 42 , -54.93836296937757
44 , 43 , 50.247943650641886
44 , 44 , 135.7297525512023
44 , 45 , -8.163626370788513
44 , 46 , 103.23036398183807
44 , 47 , 5.650732605940016
44 , 48 , 18.571150371980288
44 , 49 , 40.1646918813483
44 , 50 , 152.18792348476504
45 , 01 , 70.39657154845922
45 , 02 , 40.012741779431366
45 , 03 , 57.92831502021649
45 , 04 , 43.81888373469478
45 , 05 , 4.734997304747136
45 , 06 , 18.770397007263526
45 , 07 , 87.78160473437919
45 , 08 , -20.779824190251116
45 , 09 , -79.23063612179283
45 , 10 , -35.01288266546721
45 , 11 , -48.013283608625485
45 , 12 , 10.09856281802395
45 , 13 , 49.220657402977096
45 , 14 , 30.59795140015511
45 , 15 , 32.31598857156674
45 , 16 , 3.2504485316148046
45 , 17 , 34.37807131801289
45 , 18 , 52.38218516151372
45 , 19 , 101.13869757282308
45 , 20 , 114.21236334422002
45 , 21 , -63.278681730212845
45 , 22 , -42.07859084189965
45 , 23 , -54.69370027731119
45 , 24 , 118.75220836647034
45 , 25 , 51.94323976527334
45 , 26 , 107.36237009827745
45 , 27 , 28.36186723096265
45 , 28 , -120.19228236936048
45 , 29 , -2.729775348527555
45 , 30 , 90.94821731029502
45 , 31 , 11.419906368400015
45 , 32 , -71.23753772983875
45 , 33 , 86.17953318625277
45 , 34 , -25.367311783289814
45 , 35 , -20.965453177383807
45 , 36 , -60.436011593199865
45 , 37 , 97.65094341446486
45 , 38 , -26.229879698267258
45 , 39 , 138.48625750493605
45 , 40 , 42.74204545269582
45 , 41 , -111.05934756678683
45 , 42 , 77.56384324078086
45 , 43 , -32.906185906666934
45 , 44 , 64.2352305853196
45 , 45 , 21.583250478394298
45 , 46 , -15.821344431823439
45 , 47 , -70.03555146062298
45 , 48 , 35.54255159664996
45 , 49 , 94.15122535609844
45 , 50 , 37.80098826307493
46 , 01 , 49.27231765298549
46 , 02 , 57.347170519947255
46 , 03 , -4.457196261706741
46 , 04 , 47.25652634766943
46 , 05 , 23.639579697254085
46 , 06 , 0.9855117839229646
46 , 07 , -58.8468122834102
46 , 08 , 78.87240858355351
46 , 09 , 134.90454115379737
46 , 10 , 90.84515662453623
46 , 11 , 55.96979330239305
46 , 12 , 52.360211298228634
46 , 13 , -66.35381570475181
46 , 14 , -15.034659599424547
46 , 15 , -9.59119377945723
46 , 16 , 68.3355308109712
46 , 17 , -47.91335416646632
46 , 18 , -28.1574378365976
46 , 19 , 8.509915806031874
46 , 20 , 82.24449997053941
46 , 21 , 79.4905720891182
46 , 22 , 116.01195307942452
46 , 23 , 69.8561712817124
46 , 24 , -51.052459441295305
46 , 25 , 122.06254136759114
46 , 26 , -95.13670971400747
46 , 27 , 43.757907795873706
46 , 28 , -69.6554862439198
46 , 29 , 169.83451552727882
46 , 30 , 32.75795654041867
46 , 31 , 70.54475840924502
46 , 32 , -37.19535520614733
46 , 33 , -2.6202775152391844
46 , 34 , 61.36599753476533
46 , 35 , -49.787277276544756
46 , 36 , 94.33224663049148
46 , 37 , -9.350698431798609
46 , 38 , -9.722534057722628
46 , 39 , 124.16152473783583
46 , 40 , 110.29984984550966
46 , 41 , 106.55710148188639
46 , 42 , 51.30488114712837
46 , 43 , -135.94908490155925
46 , 44 , 47.785604103229446
46 , 45 , -46.26024953382765
46 , 46 , 113.6289524849125
46 , 47 , -25.0822423179607
46 , 48 , 30.912361109118823
46 , 49 , 61.676003102414825
46 , 50 , -2.8315624465375944
47 , 01 , -54.54594177452102
47 , 02 , 40.67481757281849
47 , 03 , 36.96552016987511
47 , 04 , 2.2959212567203977
47 , 05 , -88.99650117211438
47 , 06 , -8.709816306775238
47 , 07 , -113.36920472611735
47 , 08 , -18.954471470620124
47 , 09 , 26.788291255333135
47 , 10 , -150.7070975766539
47 , 11 , 0.4394632706110153
47 , 12 , -6.701720783453409
47 , 13 , -66.8139118577898
47 , 14 , -132.61585870505604
47 , 15 , 46.685683895323365
47 , 16 , 12.147946700023741
47 , 17 , -74.53417141976625
47 , 18 , -31.599934827395924
47 , 19 , 104.58776126927408
47 , 20 , -8.010008716093193
47 , 21 , -54.37741140633385
47 , 22 , -67.51776997710371
47 , 23 , -108.0211767563635
47 , 24 , -68.76610685600791
47 , 25 , -24.314838715822734
47 , 26 , -33.36988550730536
47 , 27 , -162.9767217834778
47 , 28 , -74.318499704007
47 , 29 , -0.5070142362212708
47 , 30 , -13.455897038085055
47 , 31 , -109.67662310129872
47 , 32 , 49.67371716627101
47 , 33 , -0.28506422939584386
47 , 34 , 53.259414369385354
47 , 35 , -29.8018424464316
47 , 36 , -21.790649659509178
47 , 37 , -92.56980403882898
47 , 38 , -75.02206716683173
47 , 39 , -58.191920133498726
47 , 40 , -54.1260695685465
47 , 41 , -37.43065823714155
47 , 42 , 56.56818293532777
47 , 43 , -32.49516678969352
47 , 44 , -133.7027033146869
47 , 45 , -52.93890889313564
47 , 46 , 74.50517268398774
47 , 47 , -13.88501119280955
47 , 48 , 51.345068000675326
47 , 49 , 80.2860620341082
47 , 50 , -99.92625305303937
48 , 01 , -54.85762937048694
48 , 02 , -19.529092597364958
48 , 03 , -44.629140534749695
48 , 04 , -17.861209812141695
48 , 05 , -27.60061503395371
48 , 06 , 51.35559531314751
48 , 07 , -121.14093724371982
48 , 08 , -28.053109975123785
48 , 09 , 13.207051499081892
48 , 10 , -69.11124167039458
48 , 11 , 86.22090231276337
48 , 12 , -8.799952387751345
48 , 13 , -38.691115278179815
48 , 14 , 72.83259641867748
48 , 15 , -66.44178682596495
48 , 16 , -59.03486578492387
48 , 17 , -1.9650452366873377
48 , 18 , 39.494187309168026
48 , 19 , -29.106005043065217
48 , 20 , -43.618096833776605
48 , 21 , -62.553591380396234
48 , 22 , -30.366226349480392
48 , 23 , 0.4477363453335214
48 , 24 , -62.82729260475937
48 , 25 , -64.48156668024414
48 , 26 , 65.26683350444975
48 , 27 , -42.696997829119944
48 , 28 , -1.550615811458743
48 , 29 , -37.28300183606049
48 , 30 , -184.97038341584548
48 , 31 , -8.823483277719248
48 , 32 , -70.46150143793537
48 , 33 , -177.35333005543058
48 , 34 , -5.184087919258377
48 , 35 , 25.130653597779933
48 , 36 , -26.20253230363141
48 , 37 , 61.023650682286295
48 , 38 , 63.08010577699187
48 , 39 , -93.39083747741455
48 , 40 , -107.61994267293234
48 , 41 , -60.59522738681722
48 , 42 , -15.17060790170108
48 , 43 , 11.561428507181791
48 , 44 , -49.939411151477884
48 , 45 , -9.30952228285536
48 , 46 , -154.08987412059273
48 , 47 , 73.91452554607493
48 , 48 , -109.31935008903952
48 , 49 , -37.58717642607858
48 , 50 , 5.100895182206582
49 , 01 , -61.953476896655374
49 , 02 , 4.915939356203509
49 , 03 , -50.43439516662379
49 , 04 , 24.525946232922266
49 , 05 , 15.102815221233726
49 , 06 , -129.154243535105
49 , 07 , -33.46482224657275
49 , 08 , 44.68635584695485
49 , 09 , -58.15339581356708
49 , 10 , -91.62247464465754
49 , 11 , -42.51911445058553
49 , 12 , -60.15383093043035
49 , 13 , -31.398524054909473
49 , 14 , 60.60127152114303
49 , 15 , -3.5788161866212267
49 , 16 , -153.85802376653862
49 , 17 , -128.69539141055114
49 , 18 , -37.81214135944353
49 , 19 , -67.31460090254123
49 , 20 , -37.41423362297569
49 , 21 , -79.36887027300304
49 , 22 , 21.923797968818253
49 , 23 , -55.46472226816875
49 , 24 , -111.38700398366457
49 , 25 , -109.26987268141734
49 , 26 , -17.361161487931813
49 , 27 , -44.5481289521363
49 , 28 , 76.61103588340508
49 , 29 , -87.87579445706302
49 , 30 , -89.29872211590018
49 , 31 , -83.01608946147604
49 , 32 , 26.742838209603015
49 , 33 , -113.80321492637519
49 , 34 , 68.62504874123515
49 , 35 , -26.769292709051832
49 , 36 , -38.46878060481841
49 , 37 , -13.150842592042192
49 , 38 , -66.07343100518528
49 , 39 , 3.4213882872099752
49 , 40 , -19.50387743042964
49 , 41 , 25.739635630414902
49 , 42 , 75.57927147699183
49 , 43 , 142.1572957654043
49 , 44 , 71.78409767404507
49 , 45 , -24.219989855877902
49 , 46 , 35.918023245373625
49 , 47 , 128.94682633183174
49 , 48 , 50.947236734690286
49 , 49 , -20.306174983603103
49 , 50 , -139.3703314206318
50 , 01 , 34.65904078749034
50 , 02 , -18.880026121006587
50 , 03 , 18.10904709695636
50 , 04 , 85.78263660316898
50 , 05 , 50.77253989745937
50 , 06 , 87.43858209400982
50 , 07 , 9.646255844421326
50 , 08 , -108.09327833768262
50 , 09 , 2.6250616526186477
50 , 10 , 27.815550361766288
50 , 11 , 8.803201832226614
50 , 12 , 31.05915183323825
50 , 13 , -8.338933973750567
50 , 14 , 24.155416574073424
50 , 15 , -105.95097096048227
50 , 16 , 7.160599305255206
50 , 17 , 137.46494608544742
50 , 18 , 57.88965283662404
50 , 19 , -134.54905635886902
50 , 20 , -59.32240584539318
50 , 21 , -97.34819701771309
50 , 22 , 145.42039312994143
50 , 23 , 43.764661013565004
50 , 24 , 34.11367156692965
50 , 25 , -23.556900176104143
50 , 26 , 57.73212855604582
50 , 27 , -61.53221243999324
50 , 28 , -67.44591093192459
50 , 29 , -72.92960367879896
50 , 30 , -30.385994229766794
50 , 31 , -34.881037440371806
50 , 32 , 23.9162594173224
50 , 33 , 31.944070190752832
50 , 34 , -61.09885596091276
50 , 35 , 32.44602582772387
50 , 36 , -72.82298918716326
50 , 37 , -35.29270038435137
50 , 38 , -26.978272150977386
50 , 39 , -95.17977853922116
50 , 40 , -3.608313351206762
50 , 41 , -65.22271250558028
50 , 42 , -130.53081637059893
50 , 43 , -53.83451482937351
50 , 44 , -52.734781341007384
50 , 45 , 86.68008391895242
50 , 46 , -46.12989816461308
50 , 47 , 38.35671196202088
50 , 48 , -9.577408707814005
50 , 49 , -7.470714847834085
50 , 50 , 77.49956789145688
